# x
0.000000000000000000e+00
0.000000000000000000e+00
4.499999880790710449e-01
2.249999940395355225e-01
6.749999523162841797e-01
1.124999970197677612e-01
5.625000000000000000e-01
3.374999761581420898e-01
7.874999642372131348e-01
5.624999850988388062e-02
5.062499642372131348e-01
2.812500000000000000e-01
7.312499880790710449e-01
1.687499880790710449e-01
6.187499761581420898e-01
3.937499821186065674e-01
8.437500000000000000e-01
2.812499925494194031e-02
4.781249761581420898e-01
2.531249821186065674e-01
7.031250000000000000e-01
1.406250000000000000e-01
5.906249880790710449e-01
3.656249940395355225e-01
8.156249523162841797e-01
8.437499403953552246e-02
5.343750119209289551e-01
3.093749880790710449e-01
7.593749761581420898e-01
1.968749910593032837e-01
6.468749642372131348e-01
4.218750000000000000e-01
8.718749880790710449e-01
1.406249962747097015e-02
4.640624821186065674e-01
2.390624880790710449e-01
6.890624761581420898e-01
